Camera matrix :
505.267688,0.000000,324.225787
0.000000,504.221889,243.133074
0.000000,0.000000,1.000000

dist :
0.139660,-0.221806,0.000372,0.007358,0.106519

rvecs :
-0.322537
0.130606
1.575110
0.298305
0.573825
1.401299
0.318795
0.544072
1.397275
0.772058
0.517617
1.528247
0.408545
0.665074
1.347649
-0.421500
-0.739638
1.360707
-0.430884
-0.782359
1.335474
-0.246503
-0.061610
1.520156
0.093416
-0.479592
1.485158
0.832244
0.179517
1.472578
0.268519
0.571552
1.320951
0.136081
0.554249
1.414337
-0.139864
0.248863
1.520731
-0.206298
0.354784
1.550010
-0.355598
-0.488926
1.592549
-0.176664
0.034734
1.518292
-0.168864
0.385295
1.489968
-0.230767
0.302692
1.529913
-0.230022
0.364454
1.502461
-0.014279
0.050228
1.562288
-0.017591
0.031452
1.566908
-0.016966
0.022549
1.566122
-0.461159
-0.322630
1.534525
-0.029869
0.070315
1.541334
0.436665
0.526516
1.391811
-0.711458
-0.592037
1.444234
-0.565849
-1.013509
1.231107
1.007235
0.398665
1.488053
0.604328
0.069946
1.497128
-0.422734
-0.076574
1.527153
-0.311482
0.168879
1.572278
-0.254338
0.205395
1.557533
0.033443
-0.034406
-1.572081
0.031828
-0.034896
-1.574518
0.118928
0.009225
-3.061612

tvecs :
5.216454
-1.003043
12.864954
2.355790
-2.032422
9.907012
2.579722
-2.708264
9.494361
1.356428
-2.401827
8.169694
0.468096
-2.480505
10.559313
3.180833
-3.324262
12.981683
2.649066
-3.812387
13.128927
5.442098
-2.704937
14.119495
4.616708
-2.551957
10.072802
0.916244
-2.099559
7.644961
1.724019
-3.160852
8.893899
1.486653
-2.446095
9.119082
3.259588
-2.248836
9.884223
4.359761
-2.886461
11.337897
4.782916
-2.623094
14.954195
2.598611
-2.373977
19.317681
3.206022
-2.016738
14.058884
2.917939
-2.523167
11.215784
3.364311
-2.240225
10.572332
4.001117
-2.448130
9.408959
3.773063
-2.672704
8.641518
3.565087
-2.910130
8.281153
5.133972
-2.411479
14.527878
3.537702
-2.579400
8.544807
2.854847
-2.479033
9.495867
1.850755
-2.688367
14.575009
0.640656
-4.468243
14.153658
1.998526
-2.052757
7.406958
2.684707
-2.058588
7.223730
1.898182
-2.322115
14.903579
4.834203
-0.846205
13.441818
2.487150
-1.254180
12.733975
1.516115
3.094200
9.200122
1.229475
3.024559
9.122350
6.068980
7.013896
9.366325
